moves: ['U-1', 'U1', 'D-1', 'D1', 'L-1', 'L1', 'R-1', 'R1', 'B-1', 'B1', 'F-1', 'F1']
         0       1     2     3      4     5      6     7      8     9      10    11
state 0: SUCCESSFUL
moves: U1 L1 F-1 U-1 (4)
color: [42, 1, 2, 43, 4, 5, 38, 28, 27, 45, 46, 47, 12, 13, 50, 15, 16, 53, 24, 21, 20, 25, 22, 23, 26, 7, 9, 29, 14, 35, 30, 31, 52, 33, 34, 51, 36, 37, 17, 39, 40, 41, 11, 10, 44, 0, 32, 18, 3, 49, 19, 6, 48, 8]
solution: [[1, 11, 4, 0]] 
time: 0.07
state 1:SUCCESSFUL 
moves: F1 U-1 D1 U-1 B1 (5)
[8, 7, 11, 5, 4, 34, 2, 1, 53, 0, 12, 9, 19, 13, 10, 36, 28, 27, 26, 25, 24, 39, 22, 32, 42, 14, 35, 51, 3, 20, 52, 31, 23, 15, 16, 29, 33, 30, 6, 43, 40, 37, 47, 46, 45, 18, 48, 38, 21, 49, 41, 17, 50, 44]
solution: [[8, 0, 0, 2, 10]]
time: 0.06
state 2: SUCCESSFUL 
moves: F1 D-1 U1 U1 L1 R1 (6)
color: [47, 43, 17, 5, 4, 25, 33, 50, 44, 6, 48, 38, 10, 13, 16, 45, 37, 18, 53, 52, 51, 14, 22, 19, 35, 32, 0, 42, 39, 36, 34, 31, 3, 11, 23, 20, 24, 1, 2, 21, 40, 46, 29, 28, 27, 8, 7, 26, 30, 49, 41, 9, 12, 15]
solution: [[4, 6, 0, 0, 3, 10]]
time: 0.07 
state 3: SUCCESSFUL 
moves: L1 R-1 U1 D1 R1 B1 U1 (7)
color: [26, 37, 38, 7, 4, 3, 9, 41, 15, 2, 12, 45, 21, 13, 46, 17, 16, 29, 44, 43, 35, 39, 22, 34, 11, 23, 47, 6, 48, 42, 30, 31, 5, 51, 52, 36, 27, 28, 33, 10, 40, 50, 20, 19, 8, 24, 1, 0, 25, 49, 32, 53, 14, 18]
solution: [[0, 8, 6, 2, 0, 4, 7]]
time: 0.07
state 4: SUCCESSFUL 
moves: U1 D1 R1 L-1 B1 B1 F1 U-1 D1 U1 (10)
color: [36, 46, 20, 39, 4, 16, 42, 52, 26, 29, 1, 35, 37, 13, 43, 45, 48, 51, 6, 41, 44, 23, 22, 25, 8, 10, 33, 17, 7, 18, 14, 31, 28, 11, 50, 47, 24, 3, 0, 34, 40, 30, 53, 5, 2, 38, 21, 15, 19, 49, 12, 27, 32, 9]
solution: [[2, 8, 10, 8, 6, 5, 2, 0]] (8)
time: 0.1
state 5: SUCCESSFUL
moves: D1 L1 L1 L1 U-1 F1 B-1 R-1 F1 F1 U1 B1 (12)
color: [45, 28, 2, 32, 4, 48, 29, 23, 18, 0, 43, 35, 16, 13, 39, 17, 25, 36, 26, 5, 20, 19, 22, 52, 8, 50, 24, 33, 10, 53, 46, 31, 1, 51, 34, 42, 27, 37, 9, 30, 40, 14, 47, 41, 44, 38, 3, 11, 12, 49, 7, 15, 21, 6]
solution: [[8, 0, 10, 10, 7, 10, 9, 1, 5, 2]] (10)
time: 0.08
state 6:
moves: F1 U1 D-1 D-1 R-1 B1 F1 L1 L1 U-1 F-1 D1 R-1 R-1 U1 (15)
color: [51, 7, 11, 1, 4, 21, 8, 37, 18, 6, 19, 33, 50, 13, 25, 20, 14, 47, 53, 12, 24, 43, 22, 32, 36, 16, 17, 0, 28, 38, 48, 31, 34, 44, 41, 42, 2, 5, 9, 3, 40, 10, 29, 39, 45, 15, 30, 27, 46, 49, 23, 26, 52, 35]
solution:  [[0, 7, 7, 2, 11, 1, 4, 4, 8, 10, 7, 0, 3, 3, 10]] (15)
time: 11.91
state 7:
moves: U-1 D1 D1 R-1 F1 R-1 L1 U1 B-1 B-1 D1 F-1 F-1 U1 L1 L1 (16)
color: [35, 43, 9, 7, 4, 25, 0, 14, 6, 51, 39, 36, 23, 13, 10, 20, 50, 11, 17, 34, 42, 12, 22, 19, 15, 28, 38, 45, 41, 47, 3, 31, 48, 44, 30, 53, 2, 16, 29, 1, 40, 46, 27, 37, 18, 33, 52, 8, 21, 49, 32, 24, 5, 26]
solution: [[5, 5, 0, 10, 10, 2, 8, 8, 0, 7, 4, 10, 7, 3, 1, 3]] (16)
time: 61.47 
state 8:
moves: F1 U1 D1 D1 R1 F-1 L-1 U1 U1 R-1 B1 R1 F-1 F-1 D1 U-1 U-1 (17)
solution: [[2, 0, 0, 10, 10, 6, 8, 7, 0, 0, 5, 11, 6, 0, 3, 3, 10]]
time: 26.91










